   1      0.000    0.000    0.000    0.000    0.000    0.000    0.000    0.000
   1      0.000    0.000    0.000    0.000    0.000    0.000    0.000    0.000
   2      0.500    0.500    0.500    0.000    0.000    0.000    0.000    0.000
   2      0.500    0.500    0.500    0.000    0.000    0.000    0.000    0.000
   3      0.500    0.500    0.500    0.000    0.000    0.000    0.000    0.000
   3      0.500    0.500    0.500    0.000    0.000    0.000    0.000    0.000
   4      0.500    0.558    0.556    0.554    0.553    0.000    0.000    0.000
   4     -0.500   -0.558   -0.556   -0.554   -0.553    0.000    0.000    0.000
   5      0.500    0.416    0.420    0.421    0.422    0.000    0.000    0.000
   5     -0.500   -0.416   -0.420   -0.421   -0.422    0.000    0.000    0.000
   6      0.000    0.000    0.000    0.000    0.000    0.000    0.000    0.000
   6      0.000    0.000    0.000    0.000    0.000    0.000    0.000    0.000
   7      0.000    0.666    0.705    0.712    0.716    0.719    0.721    0.000
   7      0.000   -0.666   -0.705   -0.712   -0.716   -0.719   -0.721    0.000
   8      0.000    0.958    0.955    0.950    0.947    0.000    0.000    0.000
   8      0.000   -0.958   -0.955   -0.950   -0.947    0.000    0.000    0.000
   9      0.000    0.959    0.962    0.961    0.961    0.000    0.000    0.000
   9      0.000   -0.959   -0.962   -0.961   -0.961    0.000    0.000    0.000
  10      0.000   -0.021   -0.021   -0.021   -0.021    0.000    0.000    0.000
  10      0.000    0.021    0.021    0.021    0.021    0.000    0.000    0.000
  11      0.500    0.972    0.969    0.967    0.967    0.000    0.000    0.000
  11     -0.500   -0.972   -0.969   -0.967   -0.967    0.000    0.000    0.000
  12      0.000    1.416    1.314    1.227    1.176    1.143    1.119    1.100
  12      0.000   -1.416   -1.314   -1.227   -1.176   -1.143   -1.119   -1.100
  13      0.000    0.570    0.586    0.583    0.580    0.579    0.578    0.000
  13      0.000   -0.570   -0.586   -0.583   -0.580   -0.579   -0.578    0.000
  14      0.000    0.000    0.000    0.000    0.000    0.000    0.000    0.000
  14      0.000    0.000    0.000    0.000    0.000    0.000    0.000    0.000
  15      0.000   -0.203   -0.213   -0.217   -0.219   -0.221   -0.222    0.000
  15      0.000    0.203    0.213    0.217    0.219    0.221    0.222    0.000
  16      0.500    0.388    0.388    0.388    0.388    0.000    0.000    0.000
  16     -0.500   -0.388   -0.388   -0.388   -0.388    0.000    0.000    0.000
  17      0.000   -0.148   -0.187   -0.208   -0.222   -0.233   -0.242   -0.249
  17      0.000    0.148    0.187    0.208    0.222    0.233    0.242    0.249
  18      0.000   -0.126   -0.175   -0.205   -0.227   -0.244   -0.259   -0.272
  18      0.000    0.126    0.175    0.205    0.227    0.244    0.259    0.272
  19      0.000   -0.139   -0.133   -0.128   -0.125    0.000    0.000    0.000
  19      0.000    0.139    0.133    0.128    0.125    0.000    0.000    0.000
  20      0.000   -0.153   -0.137   -0.127   -0.122   -0.119   -0.117   -0.116
  20      0.000    0.153    0.137    0.127    0.122    0.119    0.117    0.116
  21      0.000    0.000    0.000    0.000    0.000    0.000    0.000    0.000
  21      0.000    0.000    0.000    0.000    0.000    0.000    0.000    0.000
  22      0.500    0.500    0.500    0.000    0.000    0.000    0.000    0.000
  22      0.500    0.500    0.500    0.000    0.000    0.000    0.000    0.000
  23     -0.500   -0.500   -0.500    0.000    0.000    0.000    0.000    0.000
  23     -0.500   -0.500   -0.500    0.000    0.000    0.000    0.000    0.000
  24      0.000   -0.152   -0.169   -0.177   -0.182   -0.185   -0.188    0.000
  24      0.000    0.152    0.169    0.177    0.182    0.185    0.188    0.000
  25      0.500    0.929    0.959    0.974    0.983    0.989    0.994    0.998
  25     -0.500   -0.929   -0.959   -0.974   -0.983   -0.989   -0.994   -0.998
  26     -0.500   -1.325   -1.336   -1.336   -1.336   -1.336   -1.337    0.000
  26      0.500    1.325    1.336    1.336    1.336    1.336    1.337    0.000
  27      0.000    0.381    0.272    0.246    0.234    0.227    0.223    0.220
  27      0.000   -0.381   -0.272   -0.246   -0.234   -0.227   -0.223   -0.220
  28      0.500    0.380    0.398    0.403    0.405    0.406    0.407    0.000
  28     -0.500   -0.380   -0.398   -0.403   -0.405   -0.406   -0.407    0.000
  29     -0.500   -0.079   -0.233   -0.255   -0.262   -0.266   -0.268   -0.270
  29      0.500    0.079    0.233    0.255    0.262    0.266    0.268    0.270
  30      0.000   -0.192    0.017   -0.020   -0.034   -0.038   -0.039   -0.040
  30      0.000    0.192   -0.017    0.020    0.034    0.038    0.039    0.040
  31      0.000   -0.450   -0.147   -0.113   -0.106   -0.102   -0.101   -0.100
  31      0.000    0.450    0.147    0.113    0.106    0.102    0.101    0.100
  32      0.500    0.644    0.618    0.607    0.601    0.598    0.595    0.593
  32     -0.500   -0.644   -0.618   -0.607   -0.601   -0.598   -0.595   -0.593
  33     -0.500    0.293    0.026   -0.123   -0.157   -0.168   -0.174   -0.177
  33      0.500   -0.293   -0.026    0.123    0.157    0.168    0.174    0.177
  34      0.000    0.125    0.135    0.138    0.140    0.000    0.000    0.000
  34      0.000   -0.125   -0.135   -0.138   -0.140    0.000    0.000    0.000
  35      0.000    0.000    0.000    0.000    0.000    0.000    0.000    0.000
  35      0.000    0.000    0.000    0.000    0.000    0.000    0.000    0.000
  36      0.500    0.500    0.500    0.000    0.000    0.000    0.000    0.000
  36      0.500    0.500    0.500    0.000    0.000    0.000    0.000    0.000
  37     -0.500   -0.500   -0.500    0.000    0.000    0.000    0.000    0.000
  37     -0.500   -0.500   -0.500    0.000    0.000    0.000    0.000    0.000
  38      0.000   -0.451   -0.390   -0.368   -0.358   -0.351   -0.347   -0.344
  38      0.000    0.451    0.390    0.368    0.358    0.351    0.347    0.344
  39      0.500    0.701    0.726    0.736    0.743    0.747    0.751    0.754
  39     -0.500   -0.701   -0.726   -0.736   -0.743   -0.747   -0.751   -0.754
  40      0.000    0.025    0.028    0.029    0.029    0.000    0.000    0.000
  40      0.000   -0.025   -0.028   -0.029   -0.029    0.000    0.000    0.000
  41      0.500    0.820    0.860    0.880    0.893    0.902    0.910    0.916
  41     -0.500   -0.820   -0.860   -0.880   -0.893   -0.902   -0.910   -0.916
  42     -0.500    0.283    0.038   -0.075   -0.116   -0.132   -0.141   -0.147
  42      0.500   -0.283   -0.038    0.075    0.116    0.132    0.141    0.147
  43      0.000   -0.084   -0.045   -0.040   -0.038   -0.037   -0.036    0.000
  43      0.000    0.084    0.045    0.040    0.038    0.037    0.036    0.000
  44      0.000    0.000    0.000    0.000    0.000    0.000    0.000    0.000
  44      0.000    0.000    0.000    0.000    0.000    0.000    0.000    0.000
  45      0.500    0.500    0.500    0.000    0.000    0.000    0.000    0.000
  45      0.500    0.500    0.500    0.000    0.000    0.000    0.000    0.000
  46     -0.500   -0.500   -0.500    0.000    0.000    0.000    0.000    0.000
  46     -0.500   -0.500   -0.500    0.000    0.000    0.000    0.000    0.000
  47      0.000   -0.555   -0.529   -0.515   -0.508   -0.503   -0.500   -0.497
  47      0.000    0.555    0.529    0.515    0.508    0.503    0.500    0.497
  48      0.500    0.266    0.274    0.282    0.286    0.000    0.000    0.000
  48     -0.500   -0.266   -0.274   -0.282   -0.286    0.000    0.000    0.000
  49     -0.500   -1.506   -1.472   -1.452   -1.441   -1.433   -1.428   -1.423
  49      0.500    1.506    1.472    1.452    1.441    1.433    1.428    1.423
  50      0.000   -0.142   -0.096   -0.086   -0.082   -0.079   -0.078    0.000
  50      0.000    0.142    0.096    0.086    0.082    0.079    0.078    0.000
  51      0.000    0.000    0.000    0.000    0.000    0.000    0.000    0.000
  51      0.000    0.000    0.000    0.000    0.000    0.000    0.000    0.000
  52      0.500    0.500    0.500    0.000    0.000    0.000    0.000    0.000
  52      0.500    0.500    0.500    0.000    0.000    0.000    0.000    0.000
  53     -0.500   -0.500   -0.500    0.000    0.000    0.000    0.000    0.000
  53     -0.500   -0.500   -0.500    0.000    0.000    0.000    0.000    0.000
